DF_BEGIN
IQ:0,0,11,-30,-127
IQ:1,8,11,5,-38
IQ:2,16,11,1,-2
IQ:3,24,11,-2,-1
IQ:4,32,11,1,-1
IQ:5,40,11,3,-3
IQ:6,48,11,1,0
IQ:7,56,11,-4,-1
IQ:8,72,12,1,-1
IQ:9,80,255,-3,0
IQ:10,88,1,5,-2
IQ:11,96,255,1,-1
IQ:12,104,2,-2,1
IQ:13,112,255,1,0
IQ:14,120,10,-2,5
IQ:15,128,255,0,0
IQ:16,136,3,-2,-1
IQ:17,144,255,3,-3
IQ:18,152,9,-1,1
IQ:19,160,255,1,1
IQ:20,168,4,-1,1
IQ:21,176,255,-2,-1
IQ:22,184,8,2,3
IQ:23,192,255,4,-1
IQ:24,200,7,-1,3
IQ:25,208,255,0,-2
IQ:26,216,6,0,4
IQ:27,224,255,0,-2
IQ:28,232,5,3,1
IQ:29,240,255,2,-2
IQ:30,248,12,2,-1
IQ:31,256,255,0,-1
IQ:32,264,1,1,1
IQ:33,272,255,4,-3
IQ:34,280,2,3,-4
IQ:35,288,255,-3,0
SW:2
RR:3
SS:3
FR:2426
ME:52
MA:215
KE:39
KA:2
DF_END